OrderedDict([('features.0.weight', tensor([[[[ 2.4396e-40,  2.4803e-01, -2.6185e-40],
          [ 1.2145e-40, -3.3277e-40,  9.1728e-41],
          [-1.9014e-40,  2.4022e-01, -1.6078e-40]]],


        [[[ 1.7258e-41,  3.3143e-01,  5.1043e-40],
          [-0.0000e+00,  1.4648e-40, -4.4495e-41],
          [-3.5454e-40, -0.0000e+00,  2.4436e-40]]],


        [[[-2.6445e-40,  3.0194e-40, -2.6091e-40],
          [ 8.3461e-42, -1.5780e-40,  1.0060e-40],
          [ 2.4872e-01,  1.0500e-01,  3.4456e-01]]],


        [[[-0.0000e+00, -1.5409e-41,  2.8478e-40],
          [-1.1387e-40,  2.0241e-40, -3.7072e-40],
          [-1.4682e-40,  1.1909e-40,  2.2852e-40]]],


        [[[ 6.4612e-41, -9.1627e-41, -2.1812e-40],
          [ 1.6044e-40,  3.1375e-40,  2.7908e-40],
          [ 5.3589e-40,  2.1973e-01,  2.1713e-40]]],


        [[[ 4.5019e-40,  0.0000e+00, -0.0000e+00],
          [-5.3043e-41, -1.3239e-40,  4.1962e-40],
          [ 4.7588e-41, -0.0000e+00,  1.8402e-40]]],


        [[[-0.0000e+00,  3.6209e-40, -2.6298e-40],
          [ 1.4946e-40, -2.4315e-40,  0.0000e+00],
          [-0.0000e+00,  4.4072e-40,  3.1869e-40]]],


        [[[-3.1406e-40, -0.0000e+00, -2.0622e-40],
          [-1.3444e-40, -1.2489e-40,  5.1964e-02],
          [-8.6579e-41, -5.1351e-40,  0.0000e+00]]],


        [[[ 9.7525e-41,  2.1799e-01, -2.5246e-40],
          [-3.5806e-40,  7.8945e-41, -9.3933e-41],
          [-0.0000e+00,  1.1285e-40, -6.1191e-40]]],


        [[[ 4.5628e-40,  2.2933e-01,  1.2163e-40],
          [ 0.0000e+00, -0.0000e+00, -0.0000e+00],
          [ 4.3967e-01, -4.5099e-40, -1.3586e-40]]],


        [[[-2.7874e-40, -9.9814e-41, -4.8859e-41],
          [ 0.0000e+00,  3.3599e-41,  0.0000e+00],
          [ 5.2570e-40, -0.0000e+00, -1.2629e-40]]],


        [[[ 1.6514e-01, -3.6202e-40, -3.2497e-40],
          [-7.1265e-26, -4.9779e-40,  1.7921e-40],
          [ 2.5463e-01, -4.0220e-40,  0.0000e+00]]],


        [[[ 3.2933e-40, -1.2879e-40, -5.2210e-40],
          [ 1.6945e-40, -0.0000e+00,  1.3167e-40],
          [ 1.9447e-40, -0.0000e+00, -1.2327e-40]]],


        [[[-1.9458e-40, -1.9426e-41,  1.9346e-40],
          [-5.1288e-42, -2.7984e-41,  3.7807e-41],
          [-0.0000e+00,  2.3940e-40,  4.1155e-41]]],


        [[[ 1.1845e-01, -5.7006e-41,  2.8363e-01],
          [ 0.0000e+00,  2.6804e-40,  1.4293e-40],
          [-2.8515e-40, -1.7188e-40,  1.0388e-40]]],


        [[[ 4.5011e-40,  0.0000e+00,  4.2407e-01],
          [-0.0000e+00, -0.0000e+00, -3.8298e-40],
          [ 2.3966e-40,  3.8890e-40, -3.0888e-40]]],


        [[[ 2.7310e-41, -9.4795e-41,  8.4978e-41],
          [ 0.0000e+00,  5.4151e-40, -0.0000e+00],
          [ 4.1504e-01, -4.9348e-40,  0.0000e+00]]],


        [[[ 3.1972e-40, -3.0510e-40,  1.0747e-40],
          [ 2.2204e-40,  1.6031e-42,  1.5627e-40],
          [-0.0000e+00,  1.3847e-40, -4.2227e-41]]],


        [[[-3.2765e-41,  1.4151e-01,  4.0139e-01],
          [ 2.1275e-01,  1.9384e-40, -0.0000e+00],
          [-0.0000e+00,  2.1927e-40,  4.6449e-40]]],


        [[[ 2.8646e-40, -2.9358e-40, -5.2552e-40],
          [ 0.0000e+00,  4.3809e-41,  1.7974e-40],
          [-0.0000e+00, -5.0094e-40, -2.2350e-40]]],


        [[[ 3.7452e-40,  3.1459e-40, -4.4877e-40],
          [-5.3284e-41, -2.1767e-40, -0.0000e+00],
          [-6.4932e-41, -6.5577e-40,  4.1662e-01]]],


        [[[-5.2863e-40,  0.0000e+00,  0.0000e+00],
          [ 2.0877e-41, -0.0000e+00,  0.0000e+00],
          [ 0.0000e+00, -1.9863e-40,  1.3850e-01]]],


        [[[-0.0000e+00,  5.6860e-40, -2.7615e-40],
          [ 2.0200e-40,  1.9394e-40,  1.1151e-40],
          [ 0.0000e+00,  2.6114e-01,  1.0473e-41]]],


        [[[ 2.6597e-01,  1.4800e-40, -2.8277e-40],
          [ 3.3989e-40,  3.0990e-40,  0.0000e+00],
          [-2.8582e-41,  3.7361e-01,  6.6791e-41]]],


        [[[-1.4600e-40,  6.4054e-40,  1.1676e-40],
          [ 1.3974e-41,  2.1209e-40,  2.1326e-40],
          [-1.9469e-40, -2.3095e-40,  6.5022e-40]]],


        [[[ 1.2005e-40, -0.0000e+00,  3.2160e-01],
          [ 0.0000e+00,  1.6846e-41, -6.6409e-40],
          [ 3.5625e-40, -0.0000e+00,  1.8608e-40]]],


        [[[-1.8758e-40,  1.5866e-40,  2.5268e-01],
          [ 1.9772e-40,  1.5840e-01,  3.5994e-40],
          [ 1.0412e-40, -2.1689e-40,  3.7674e-40]]],


        [[[ 6.8460e-01, -3.4181e-40, -4.5413e-40],
          [ 4.4072e-40,  3.6766e-41, -0.0000e+00],
          [-0.0000e+00,  1.3303e-40,  2.9042e-40]]],


        [[[ 1.9582e-01,  2.4492e-01,  1.3193e-01],
          [ 0.0000e+00, -4.2753e-40, -1.9530e-40],
          [-3.5800e-40, -3.4773e-40, -0.0000e+00]]],


        [[[-1.9257e-40,  1.0701e-40,  1.9706e-41],
          [-6.6116e-40, -5.7173e-41,  2.9314e-40],
          [-1.0780e-41, -3.4231e-40, -5.3418e-40]]],


        [[[-6.2284e-40, -0.0000e+00, -5.4380e-40],
          [-0.0000e+00, -1.9244e-40, -4.0636e-40],
          [-7.2904e-41, -3.3649e-40, -3.6877e-40]]],


        [[[-0.0000e+00, -2.4046e-40,  3.5619e-40],
          [-0.0000e+00, -1.6106e-40, -3.4993e-40],
          [ 1.8391e-40,  3.0163e-41,  3.1368e-4([[[[ 2.4396e-40,  2.4803e-01, -2.6185e-40],
          [ 1.2145e-40, -3.3277e-40,  9.1728e-41],
          [-1.9014e-40,  2.4022e-01, -1.6078e-40]]]1]]],


        [[[ 1.7362e-01, -1.2102e-41, -2.6005e-41],
          [ 3.6101e-40, -0.0000e+00, -1.3919e-40],
          [ 1.4027e-40,  3.8976e-41, -3.1679e-40]]],


        [[[ 2.2846e-01,  0.0000e+00, -2.7533e-41],
          [ 1.2475e-40, -0.0000e+00,  0.0000e+00],
          [ 2.4676e-01, -0.0000e+00, -2.4897e-40]]],


        [[[-0.0000e+00, -1.2906e-41,  4.2379e-01],
          [-2.2652e-40,  9.2668e-02,  0.0000e+00],
          [ 4.1073e-01,  2.4426e-41, -9.3028e-41]]],


        [[[ 0.0000e+00,  4.5080e-01, -3.3115e-40],
          [ 1.4959e-40,  0.0000e+00,  1.2224e-41],
          [-2.3389e-40,  4.5171e-40,  3.3100e-40]]],


        [[[-0.0000e+00, -3.6755e-40,  1.7766e-40],
          [-6.3283e-40,  8.9955e-41,  1.0620e-40],
          [ 7.5416e-27, -2.7873e-41,  5.4676e-41]]],


        [[[ 9.1404e-41,  1.7535e-01,  2.2522e-01],
          [-2.7529e-40, -0.0000e+00, -2.4527e-40],
          [-1.8563e-40,  1.2408e-41,  4.6465e-40]]],


        [[[ 7.4336e-41,  0.0000e+00,  2.0390e-40],
          [ 2.4429e-40, -4.5245e-41,  0.0000e+00],
          [ 1.2534e-40,  6.4414e-40, -5.6223e-40]]],


        [[[ 9.0228e-41,  3.8428e-02, -5.5359e-06],
          [-5.4630e-40, -0.0000e+00,  2.4993e-02],
          [ 4.6362e-02, -3.5780e-40, -4.2635e-41]]],


        [[[-0.0000e+00,  0.0000e+00,  4.3268e-02],
          [ 9.4462e-42,  2.4388e-01, -0.0000e+00],
          [ 4.9346e-01, -9.8188e-41, -0.0000e+00]]],


        [[[-3.1687e-40, -4.5259e-40, -1.2147e-40],
          [ 5.6615e-40,  2.4528e-40, -6.7673e-40],
          [ 2.6089e-01, -5.3433e-40,  1.5039e-40]]],


        [[[ 4.4754e-40,  2.9963e-40, -6.6777e-40],
          [ 1.0310e-40,  0.0000e+00,  1.7960e-40],
          [ 2.9301e-42,  1.9690e-40,  4.5468e-41]]],


        [[[-0.0000e+00, -2.3715e-40,  1.2431e-40],
          [-2.8508e-40,  1.2672e-40,  4.6632e-01],
          [ 1.4626e-40, -4.4743e-42,  4.6390e-01]]],


        [[[-2.5340e-40, -3.6645e-40,  2.0131e-01],
          [ 0.0000e+00, -2.4225e-40,  2.9036e-40],
          [-6.6913e-41,  1.3215e-40,  2.0310e-01]]],


        [[[-1.4843e-40, -4.7214e-40,  4.4661e-40],
          [ 1.4604e-40,  2.8437e-40, -1.5247e-40],
          [ 5.2767e-40,  1.7891e-40,  3.8370e-40]]],


        [[[-0.0000e+00,  0.0000e+00, -5.4912e-40],
          [ 1.8012e-01,  2.3151e-01,  3.9750e-40],
          [ 2.5281e-01,  8.0981e-02, -1.6456e-40]]],


        [[[-0.0000e+00, -2.4215e-40, -4.7185e-40],
          [ 0.0000e+00, -7.7198e-41, -1.4042e-40],
          [-0.0000e+00,  1.5290e-40, -3.1386e-40]]],


        [[[ 4.7003e-01, -1.7377e-40, -0.0000e+00],
          [ 5.7204e-41,  0.0000e+00,  2.2162e-40],
          [ 3.9380e-40,  0.0000e+00, -1.4559e-40]]],


        [[[ 3.1347e-40, -3.9634e-40,  0.0000e+00],
          [ 3.7848e-40,  4.6674e-41, -5.1134e-40],
          [ 0.0000e+00,  1.8776e-40,  4.3925e-40]]],


        [[[-0.0000e+00, -3.5915e-40, -1.0167e-40],
          [ 2.2652e-01,  3.7429e-40, -3.1563e-40],
          [ 6.1050e-41,  2.2966e-01,  1.4181e-40]]],


        [[[-3.8263e-40, -0.0000e+00,  2.4464e-02],
          [-0.0000e+00, -1.9611e-40,  1.6938e-01],
          [-5.3050e-40,  3.7891e-40,  1.2516e-01]]],


        [[[-1.4152e-40, -4.2018e-40, -3.5703e-40],
          [-3.7242e-40,  2.4237e-40, -2.7881e-40],
          [-2.5741e-40,  5.1420e-40, -1.3019e-40]]],


        [[[ 2.5904e-01,  3.0627e-41, -1.6472e-40],
          [ 6.6154e-02,  3.2152e-40,  0.0000e+00],
          [-0.0000e+00, -3.0540e-40, -6.6087e-40]]],


        [[[-1.0076e-40, -6.1759e-40, -0.0000e+00],
          [-6.6909e-40, -2.0995e-40, -0.0000e+00],
          [-3.8942e-40, -4.4299e-40, -1.4462e-40]]],


        [[[ 1.4954e-40, -0.0000e+00,  1.1773e-40],
          [-0.0000e+00,  3.0282e-40,  3.4778e-40],
          [ 2.1887e-40, -6.2614e-40,  0.0000e+00]]],


        [[[-0.0000e+00,  3.3795e-40, -4.4851e-41],
          [ 1.1126e+00, -0.0000e+00,  0.0000e+00],
          [ 0.0000e+00, -2.0063e-40, -0.0000e+00]]],


        [[[-3.0195e-40, -4.2279e-41,  1.8256e-40],
          [ 2.5985e-40,  3.1412e-01,  1.4003e-01],
          [-9.5218e-42,  1.0168e-40,  3.6303e-40]]],


        [[[ 1.5468e-40, -7.6102e-07,  0.0000e+00],
          [ 0.0000e+00, -0.0000e+00, -1.4839e-40],
          [ 0.0000e+00,  7.2464e-41,  2.3268e-40]]],


        [[[-3.5375e-40, -6.4875e-40,  2.4421e-40],
          [ 4.0991e-41, -1.4622e-40, -6.5816e-40],
          [-5.5511e-41, -0.0000e+00, -2.0688e-40]]],


        [[[-2.1723e-40,  2.2829e-40,  1.2593e-40],
          [ 4.4290e-01,  2.8845e-01, -3.6137e-40],
          [-1.9986e-40,  0.0000e+00,  6.8507e-41]]],


        [[[-1.0413e-40,  1.4744e-01,  1.1847e-40],
          [ 2.0026e-41,  1.0270e-41, -1.5856e-40],
          [ 3.5061e-40,  1.5672e-01, -1.1887e-40]]],


        [[[ 1.7996e-40, -1.0175e-40,  2.2963e-41],
          [ 3.1387e-40, -4.8267e-40, -0.0000e+00],
          [ 1.3645e-01,  3.3798e-01,  2.5126e-01]]],


        [[[ 1.0513e-40, -1.0304e-41,  4.7641e-01],
          [-2.2356e-40,  0.0000e+00,  1.0523e-40],
          [-0.0000e+00,  0.0000e+00,  3.4194e-40]]]], device='cuda:0')), ('features.0.bias', tensor([-5.9088e-01,  5.6772e-02, -3.9770e-01,  6.8412e-37,  8.7779e-02,
         4.0300e-36, -5.4750e-37, -1.5438e-02,  8.3537e-02, -4.9513e-01,
        -2.3530e-36, -4.3063e-01, -8.9344e-36, -2.5498e-38, -2.3154e-01,
         1.7380e-01,  1.7323e-01,  1.6103e-36, -2.2532e-01, -1.0471e-36,
         1.7740e-01,  1.1558e-02,  1.0183e-01, -6.0610e-01,  1.6826e-36,
         2.0616e-02, -3.0626e-01,  2.0188e-01, -2.4866e-01, -3.6253e-36,
         3.3729e-37, -9.4176e-37, -1.1474e-01, -5.7279e-01, -1.2854e+00,
         1.8459e-01, -8.2644e-22, -6.6971e-02,  1.7945e-36,  2.5032e-02,
         1.2803e-01,  2.7606e-02, -2.7718e-36,  8.1118e-02, -4.7640e-01,
         3.8759e-37,  2.1233e-01,  3.3567e-36,  2.0045e-01,  1.8924e-36,
        -5.1788e-01, -6.3438e-02,  7.8514e-36, -1.8377e-01, -4.4265e-36,
        -5.1078e-37,  4.7140e-01,  1.8098e-01, -5.3569e-12, -5.6093e-36,
         2.7524e-01, -4.1171e-01, -2.8920e-01,  1.9824e-01], device='cuda:0')), ('features.2.weight', tensor([[[[ 3.5835e-40,  2.2174e-40, -6.0071e-41],
          [ 0.0000e+00,  2.2782e-40,  5.1227e-40],
          [ 0.0000e+00,  3.4881e-40,  3.2452e-40]],

         [[-3.4777e-40,  1.7330e-40,  0.0000e+00],
          [ 1.1626e-40,  7.5327e-41,  2.1358e-40],
          [ 0.0000e+00, -1.2198e-40, -1.2365e-40]],

         [[-0.0000e+00, -1.4156e-40,  0.0000e+00],
          [ 1.6661e-40,  1.8690e-40,  1.0874e-40],
          [-0.0000e+00,  1.9943e-40, -0.0000e+00]],

         ...,

         [[ 0.0000e+00,  0.0000e+00,  4.6053e-40],
          [ 4.1196e-40, -9.1753e-41, -0.0000e+00],
          [ 2.3874e-40,  0.0000e+00,  1.0666e-40]],

         [[-1.9786e-42,  1.3102e-40, -1.4839e-40],
          [-1.3904e-40,  2.4362e-40, -3.3058e-40],
          [-0.0000e+00, -2.8102e-40, -5.2571e-40]],

         [[ 1.4020e-40, -0.0000e+00, -1.4980e-40],
          [-4.7096e-40, -0.0000e+00, -3.1751e-40],
          [-2.1752e-40,  1.2838e-40,  1.5271e-40]]],


        [[[ 1.9077e-40,  4.6129e-40, -7.8792e-41],
          [ 4.3285e-40,  0.0000e+00, -3.2506e-40],
          [-0.0000e+00,  3.6998e-40, -0.0000e+00]],

         [[ 3.4632e-40,  0.0000e+00,  1.6381e-40],
          [ 7.0609e-41, -1.9533e-40, -2.0256e-41],
          [-4.5853e-40, -0.0000e+00,  0.0000e+00]],

         [[ 0.0000e+00, -0.0000e+00,  2.2995e-40],
          [-2.6557e-40,  0.0000e+00,  1.9506e-40],
          [ 1.0323e-40,  1.1769e-40,  0.0000e+00]],

         ...,

         [[ 1.1150e-40, -1.7948e-40,  2.1010e-40],
          [ 3.0143e-40,  5.1392e-40,  3.8923e-40],
          [ 1.8639e-40, -0.0000e+00, -2.5309e-40]],

         [[ 1.3549e-40,  1.9317e-40, -1.5624e-42],
          [-0.0000e+00, -1.8231e-40,  3.6431e-40],
          [-1.2753e-40, -2.9599e-40,  2.0466e-41]],

         [[-2.0928e-40, -3.0215e-40, -2.6246e-41],
          [-1.4822e-40, -2.5865e-40,  5.3403e-40],
          [-1.4211e-40,  1.5905e-41, -4.3100e-40]]],


        [[[ 3.7105e-40,  3.2987e-41, -1.6421e-40],
          [ 1.1281e-40, -2.9580e-40, -1.9538e-41],
          [-2.8995e-40,  1.8739e-40, -4.2071e-40]],

         [[ 5.9205e-42, -0.0000e+00, -5.7945e-41],
          [-1.2923e-40,  1.2423e-40,  1.2702e-40],
          [ 5.3046e-40, -5.2353e-40,  0.0000e+00]],

         [[-4.9054e-40, -3.1738e-40,  1.9357e-40],
          [ 8.3161e-41, -3.1504e-40, -1.4694e-40],
          [-0.0000e+00,  6.3778e-40,  1.3080e-41]],

         ...,

         [[-3.2567e-40, -0.0000e+00, -4.1895e-40],
          [-1.2070e-40, -9.3011e-41, -3.7565e-40],
          [ 3.0770e-40, -3.2961e-40, -1.0916e-40]],

         [[ 6.4604e-41, -1.3497e-41,  4.1464e-42],
          [ 2.2103e-40,  0.0000e+00, -1.5373e-40],
          [-1.7849e-40, -1.5698e-40,  4.5804e-01]],

         [[-0.0000e+00,  1.0535e-40,  3.7048e-41],
          [-2.0583e-40, -0.0000e+00,  0.0000e+00],
          [ 4.4621e-40,  2.1108e-40,  1.8649e-40]]],


        ...,


        [[[-4.0241e-41, -4.0870e-41,  2.7146e-40],
          [ 0.0000e+00, -2.7684e-40, -3.0086e-42],
          [ 0.0000e+00,  6.1929e-40,  2.0589e-41]],

         [[ 3.2208e-40, -6.1360e-41,  5.6832e-40],
          [ 3.1060e-40, -0.0000e+00,  5.3977e-40],
          [ 2.9551e-40,  3.2547e-40,  3.3289e-40]],

         [[-5.5622e-41, -5.5628e-40, -1.2974e-40],
          [-1.9043e-40, -2.0237e-40,  1.1648e-41],
          [-1.4642e-40, -2.0209e-40,  1.4228e-01]],

         ...,

         [[-6.3777e-40,  3.0627e-40,  4.4627e-40],
          [ 4.5072e-40,  3.5597e-40,  2.7266e-40],
          [-3.1088e-40,  9.2561e-41,  8.4417e-41]],

         [[-6.5196e-40,  2.2647e-40,  3.4172e-40],
          [ 3.0013e-41, -8.0844e-41, -0.0000e+00],
          [ 2.3472e-01,  1.7888e-01,  1.1740e-01]],

         [[ 1.8743e-40, -5.8757e-40, -6.0706e-40],
          [ 3.3311e-40,  2.4128e-41,  4.2344e-41],
          [ 1.8205e-40,  1.7435e-40, -1.8233e-40]]],


        [[[-0.0000e+00, -1.5891e-40,  1.6696e-41],
          [ 2.7673e-41, -3.6900e-40,  4.8856e-41],
          [-0.0000e+00,  8.3355e-41, -3.4846e-40]],

         [[ 0.0000e+00,  3.3876e-41,  3.6228e-40],
          [-6.6699e-40, -2.1932e-40,  4.4430e-41],
          [ 1.5789e-40,  2.1116e-40, -1.3854e-40]],

         [[-0.0000e+00,  0.0000e+00, -4.4835e-41],
          [ 1.9461e-40, -2.3264e-40,  0.0000e+00],
          [-2.2717e-40,  8.5974e-41, -2.1696e-40]],

         ...,

         [[ 1.8207e-40,  0.0000e+00, -5.7153e-41],
          [ 3.8775e-40, -1.4760e-40, -4.7885e-40],
          [-2.7950e-41,  3.5236e-40,  6.8844e-41]],

         [[ 2.5939e-40, -1.0086e-40,  0.0000e+00],
          [-0.0000e+00,  1.7084e-40, -1.7893e-40],
          [ 1.8018e-41, -1.3755e-40,  3.7026e-40]],

         [[-1.3715e-40, -8.9106e-41,  1.7419e-01],
          [-1.1799e-40, -1.3967e-40,  3.7904e-40],
          [ 0.0000e+00, -7.0191e-42,  0.0000e+00]]],


        [[[-0.0000e+00,  3.1443e-40,  0.0000e+00],
          [-2.0623e-40, -2.3768e-40,  1.4352e-40],
          [-1.1670e-40,  1.0626e-40, -2.2477e-40]],

         [[ 1.3666e-40,  0.0000e+00,  0.0000e+00],
          [-0.0000e+00,  3.1188e-40, -2.0277e-40],
          [ 3.7148e-40, -6.3834e-40, -6.7725e-42]],

         [[-1.8910e-40,  4.6897e-41,  1.5618e-40],
          [-4.0690e-40,  3.2864e-40, -9.8591e-41],
          [ 3.5814e-40,  1.9896e-40,  0.0000e+00]],

         ...,

         [[ 1.9896e-40, -0.0000e+00,  3.5763e-40],
          [-1.9790e-40,  0.0000e+00,  0.0000e+00],
          [-1.0936e-40, -5.8841e-42,  0.0000e+00]],

         [[-0.0000e+00, -3.1673e-40, -3.1672e-40],
          [ 6.5008e-41, -3.2996e-40,  2.0025e-40],
          [ 4.7841e-01,  1.9149e-40,  1.4052e-40]],

         [[ 2.4495e-40,  1.4971e-40,  1.0460e-40],
          [-0.0000e+00,  3.9498e-41, -5.4182e-40],
          [-4.7520e-40, -6.3675e-40, -1.8805e-42]]]], device='cuda:0')), ('features.2.bias', tensor([-1.4160e-36, -6.7068e-01, -1.1320e+00, -9.0927e-01, -2.4215e-36,
        -7.0001e-01, -8.5665e-01, -4.1190e-01, -2.1294e-35,  8.1903e-36,
        -1.0178e+00, -7.4273e-01,  5.6021e-36, -9.5926e-03, -9.7828e-01,
         3.6405e-36, -1.0091e+00, -3.2634e-01, -1.1942e-02, -7.5712e-01,
        -7.9435e-01, -1.5522e-35, -9.2086e-01,  1.3484e-35, -1.3973e+00,
        -5.6551e-03, -3.2722e-02, -1.2063e+00, -2.7413e-03, -2.3489e-35,
        -8.8103e-01, -1.1111e+00, -9.9367e-36, -8.4760e-01, -7.4316e-01,
        -6.1222e-01, -8.6832e-01, -1.4571e-02,  3.1808e-36, -1.4799e-35,
        -9.5394e-01, -1.2953e-36, -1.6661e-35, -4.6731e-01, -6.2344e-01,
        -9.1172e-01,  9.3294e-36, -6.0843e-36, -1.1394e-35, -1.5598e-35,
        -9.2043e-01,  1.2112e-35, -4.7106e-03, -9.4745e-01, -5.1564e-01,
        -7.0052e-01, -6.1794e-01, -2.1022e-35, -4.0131e-01, -3.7997e-01,
         6.1384e-36, -6.8596e-01, -7.4585e-01, -8.5431e-01], device='cuda:0')), ('classifier.0.weight', tensor([[ 0.0000e+00, -3.0942e-40, -3.1771e-40,  ...,  5.3423e-40,
         -6.2021e-41,  0.0000e+00],
        [-2.2741e-40,  2.1441e-40,  1.9033e-40,  ..., -2.4710e-40,
          6.5648e-40, -3.8955e-40],
        [ 0.0000e+00,  4.8172e-41,  2.7346e-40,  ..., -2.6556e-41,
          0.0000e+00, -0.0000e+00],
        ...,
        [ 1.8438e-41,  0.0000e+00,  1.4485e-40,  ...,  1.2597e-40,
         -5.7451e-40,  1.1252e-40],
        [-1.4349e-40, -2.1897e-40,  3.0578e-40,  ...,  5.1537e-40,
         -0.0000e+00,  1.8567e-40],
        [-0.0000e+00, -3.8305e-40,  3.0076e-41,  ...,  1.4338e-40,
          0.0000e+00,  0.0000e+00]], device='cuda:0')), ('classifier.0.bias', tensor([-2.6706e-37, -2.2533e-01, -7.8158e-02,  1.2198e-37, -1.5643e-01,
        -2.2919e-37,  2.6328e-37,  4.8961e-37, -3.1830e-01,  6.9740e-38,
        -7.9757e-02, -7.3884e-01, -3.0076e-01, -4.5109e-01, -1.4481e-01,
         7.7701e-37, -3.0894e-01, -4.6755e-01, -4.7637e-01, -6.2929e-01,
        -2.5566e-01,  5.0903e-38, -9.8403e-38, -2.9775e-01,  1.5832e-37,
        -6.3219e-38, -3.7504e-02, -3.6711e-01, -2.8077e-37, -2.7094e-02,
        -1.7964e-37,  1.7164e-38, -5.5396e-01, -2.4585e-37, -4.9731e-01,
        -4.2806e-01, -2.4680e-01,  1.3940e-38, -4.3879e-03, -1.0196e-36,
         3.6502e-37, -3.6822e-37, -2.3729e-01,  3.7102e-38, -3.7959e-37,
        -6.0606e-01, -2.5227e-37, -7.1513e-01, -1.3953e-37, -7.3023e-01,
        -4.2591e-01,  3.1474e-37, -1.2507e-01,  3.0806e-37, -2.3470e-37,
        -3.1859e-01, -3.5495e-37, -4.4450e-01, -1.8511e-37, -8.1629e-01,
         3.6131e-37, -5.7566e-01,  1.8853e-37, -3.2178e-37,  3.8579e-37,
        -1.2235e-37, -1.9053e-37, -5.4518e-01, -1.6388e-01, -1.5617e-37,
         4.2493e-37, -2.0409e-01,  7.6605e-38, -4.8546e-01, -3.4244e-37,
         2.2886e-37,  1.7767e-37, -2.9460e-01, -8.4065e-01,  2.4024e-37,
        -1.3162e-37, -8.2557e-01,  1.6919e-37, -2.2806e-01, -5.2046e-37,
         6.3831e-37, -3.9116e-01, -3.1360e-38,  3.0122e-37, -3.2987e-01,
        -2.1632e-01, -6.9186e-01, -4.6657e-01, -1.4528e-37, -4.9424e-01,
        -6.3021e-01, -4.5486e-37, -9.8595e-01, -3.9960e-01, -4.1232e-02,
        -1.5481e-38,  1.4789e-37, -2.5840e-38, -5.9642e-01, -8.0269e-01,
        -3.0970e-01, -3.4594e-01, -4.8632e-01, -1.8496e-01, -1.2000e-37,
        -2.7915e-37, -4.3503e-01,  1.6922e-37,  5.9270e-37, -9.3656e-03,
        -3.7168e-01, -1.0439e+00, -5.6508e-01,  1.9602e-38, -1.4167e-01,
        -7.0519e-01, -9.4679e-38,  3.4885e-37, -1.1926e-01,  5.7754e-37,
        -1.9544e-01, -4.6159e-01, -7.9480e-37, -4.3447e-01, -3.4333e-01,
         2.0200e-37, -5.2650e-01,  1.8158e-37, -4.4058e-01, -4.6039e-01,
         4.3825e-38, -6.7273e-01, -4.9534e-01,  3.2036e-37, -7.2104e-37,
        -4.2733e-01, -7.1444e-01, -7.3593e-38, -1.3727e-37, -2.9587e-01,
        -2.3599e-01, -4.0898e-01, -1.5102e-03, -2.6305e-37, -2.3568e-37,
        -1.2125e-37, -3.1007e-01,  6.9722e-37, -3.6866e-01,  2.9787e-37,
        -3.0539e-01, -2.7455e-01, -4.5658e-01, -1.7398e-01, -2.0263e-01,
         4.3658e-37, -4.3599e-37, -1.9415e-01, -4.7070e-01, -3.5767e-01,
        -4.7250e-01,  4.1032e-38, -6.4946e-01, -2.2826e-01, -4.6321e-01,
        -3.1787e-01, -4.9060e-01, -5.9021e-01, -2.7378e-01, -8.2635e-37,
        -6.7950e-01, -6.1991e-01, -9.7344e-01, -5.4518e-01,  4.4765e-37,
        -7.2656e-01, -4.7656e-37,  2.9087e-37, -4.1525e-02, -4.1963e-37,
        -5.6230e-01, -9.1800e-38,  1.6075e-38, -3.6181e-37, -4.2178e-01,
         6.0386e-37,  2.0261e-38, -5.4045e-02, -1.1376e-37,  3.6328e-37,
        -1.8288e-01, -3.5728e-37, -4.4720e-01, -8.9335e-38, -8.4919e-01,
        -8.6746e-01, -2.9102e-37,  9.9724e-38, -3.6750e-38, -4.6249e-01,
        -6.3595e-01, -8.7976e-01,  6.1497e-37, -7.9947e-02, -5.8495e-37,
         2.2486e-37, -6.4915e-01,  3.1674e-38, -3.4075e-01, -1.1703e+00,
        -2.8655e-37, -1.5252e-37, -5.1530e-01, -6.6029e-01, -5.1217e-01,
        -2.3433e-01, -7.9697e-37,  7.0548e-37, -5.5595e-02, -2.2188e-01,
         2.8479e-37, -2.1131e-01, -1.3387e-37,  2.5930e-38,  1.9169e-37,
         8.0993e-38, -6.0751e-01,  1.9454e-37, -4.4535e-01,  5.3124e-37,
        -1.3205e-37, -9.8601e-01,  1.4618e-37, -2.9208e-37, -4.6278e-01,
        -1.9031e-01, -3.1646e-01, -4.8232e-01, -7.0901e-01, -4.3381e-01,
        -1.0035e-01, -4.4324e-01, -5.2990e-01,  1.3287e-37,  1.8678e-38,
        -6.0121e-01, -1.6910e-02,  1.4407e-37, -1.2024e-01,  1.1304e-37,
        -6.3157e-01], device='cuda:0')), ('classifier.2.weight', tensor([[ 1.0899e-40,  2.9239e-40,  6.5598e-40,  ...,  1.4680e-40,
          3.4509e-40,  3.9547e-02],
        [ 1.6352e-40, -3.4435e-40,  3.6515e-40,  ..., -2.8236e-40,
         -1.8706e-40,  1.9433e-01],
        [-2.8768e-40, -1.2918e-40,  2.0074e-40,  ..., -2.0054e-40,
          2.8222e-42,  1.7404e-40],
        ...,
        [-0.0000e+00,  9.3387e-02, -1.8265e-40,  ...,  1.6640e-01,
         -2.1648e-40,  3.0151e-40],
        [ 2.9534e-40,  2.8528e-01, -0.0000e+00,  ...,  1.8207e-40,
         -2.3088e-40,  2.5754e-40],
        [ 1.4453e-40,  1.0893e-40,  1.4111e-01,  ..., -2.6531e-40,
         -1.6901e-40,  0.0000e+00]], device='cuda:0')), ('classifier.2.bias', tensor([-1.6448e-01, -7.6745e-04, -1.9877e-02,  7.7451e-03, -4.5268e-02,
         1.3520e-02, -1.8667e-01, -8.1649e-02, -7.4979e-02, -2.3489e-02,
        -1.1649e-01, -2.0619e-02, -3.6502e-02, -5.6710e-02, -2.1897e-02,
        -1.6531e-01, -3.4532e-03, -6.1911e-02, -9.3249e-02, -1.1591e-37,
        -3.5472e-03,  9.7145e-04,  7.0827e-02, -2.5311e-03, -7.0477e-02,
        -7.6480e-02, -1.1822e-01, -6.9894e-02, -3.5682e-02, -1.8489e-01,
        -1.7552e-02, -4.8983e-02, -6.1395e-02,  2.0116e-02, -1.4039e-02,
        -1.1618e-01, -3.9598e-02, -7.0906e-02,  7.5499e-02, -1.0915e-01,
        -8.5553e-38, -4.6191e-02, -1.1155e-01, -1.1733e-02, -7.0865e-02,
        -8.6012e-02,  2.6764e-02, -8.0447e-02, -1.3638e-02, -3.9965e-02,
        -2.1808e-02, -9.8456e-02, -9.5127e-38, -6.7983e-38, -8.6664e-02,
        -1.5157e-01, -3.1708e-02, -2.9296e-02, -8.6876e-02, -1.5345e-01,
        -9.1523e-02, -1.5226e-01, -7.0931e-02, -1.7524e-01, -8.0031e-02,
         4.8519e-03, -4.8017e-02, -1.1084e-01, -2.2661e-02, -7.1542e-02,
        -1.4426e-01, -1.4340e-01, -1.2387e-01,  1.1435e-38, -3.5780e-02,
        -4.1026e-02, -1.7636e-01, -2.2268e-37, -2.7626e-02, -6.2516e-02,
        -1.1570e-01, -6.2479e-02, -1.7581e-01, -1.2065e-01,  5.5766e-02,
        -3.4707e-02, -1.8423e-01, -1.1767e-01, -1.0545e-01,  3.1546e-02,
        -7.4550e-02,  1.0350e-38, -8.1951e-02, -7.2695e-02, -2.8669e-02,
         1.9396e-03, -1.6650e-02, -1.9663e-02, -1.3541e-02,  2.5453e-02,
        -9.1575e-02, -2.3126e-02, -6.6106e-02, -1.0043e-01, -1.2142e-02,
        -1.4030e-01, -5.5948e-02, -1.5620e-02, -2.1255e-01,  9.8478e-02,
        -1.9225e-01, -6.2390e-02, -1.1519e-01, -9.2988e-02,  4.9648e-38,
        -5.4780e-02,  1.3573e-20, -6.5169e-03,  9.9094e-03,  6.6983e-39,
         1.2503e-37, -9.6136e-02, -1.3024e-01, -3.7695e-02, -6.1099e-03,
        -2.1908e-01, -1.1245e-01, -1.8033e-01,  1.2495e-02, -4.1464e-02,
        -1.0698e-01, -6.7804e-02, -1.0205e-01,  1.2446e-01, -6.6356e-02,
        -5.0401e-02, -9.7165e-02, -1.0487e-01,  7.7156e-38,  3.6488e-02,
        -1.6881e-01, -6.0578e-02, -8.6419e-03, -3.8655e-02, -1.0665e-01,
        -1.2065e-01, -7.3515e-02,  7.0941e-38, -1.3011e-01, -8.5540e-02,
        -1.1717e-02,  2.1150e-02, -2.2951e-02, -7.4476e-07,  4.7534e-04,
        -6.0559e-02,  4.4281e-02, -3.5069e-02, -1.8340e-02, -5.2167e-02,
        -7.3021e-02, -8.5677e-03, -9.2653e-02, -8.5209e-38, -8.8786e-02,
        -7.1212e-02,  1.1375e-37, -3.9735e-02, -4.7248e-02, -1.5770e-01,
         1.2006e-37, -3.2946e-37, -2.1991e-02, -8.2207e-02, -4.2091e-02,
        -1.0005e-01, -4.0246e-02, -6.3070e-02,  4.8178e-38, -9.7131e-02,
        -1.9292e-01,  2.5348e-39, -5.4971e-02, -2.8395e-02, -8.2175e-02,
         1.5967e-37,  1.1142e-02, -9.0778e-02, -8.4912e-02,  9.3645e-02,
        -6.7333e-02, -8.1547e-02, -2.0132e-01, -1.1992e-02, -1.8505e-01,
        -6.1689e-02, -5.7967e-02, -8.8345e-02, -1.3176e-01, -1.5483e-01,
        -9.9180e-02, -3.2111e-37, -1.2889e-01, -2.8599e-02, -8.9392e-02,
        -9.2442e-02, -1.2381e-01, -1.6948e-02, -6.8021e-02, -6.4990e-02,
        -1.5500e-01, -2.5362e-02, -9.7667e-02, -3.2788e-02, -4.5698e-02,
         5.9541e-03, -6.2929e-02, -7.8204e-02, -3.2998e-02, -1.4002e-01,
        -1.9940e-01, -1.8077e-01, -1.2604e-01, -1.7356e-01, -8.8739e-02,
        -5.1867e-02, -9.3165e-02, -4.9640e-02, -8.6896e-38, -3.6088e-02,
        -9.1899e-02,  2.2199e-02, -2.0117e-01, -7.4460e-02, -7.5347e-02,
        -3.9789e-03,  2.6881e-02, -4.0764e-02, -5.2154e-02, -1.2296e-01,
        -1.0502e-01, -8.1294e-02, -1.3541e-01, -3.3285e-02, -3.2665e-02,
        -7.3411e-03, -1.4611e-01, -1.5847e-37, -5.4733e-02, -9.0238e-02,
        -3.5932e-02, -8.3544e-02, -9.4643e-02, -7.3434e-02, -1.2392e-01,
        -7.7117e-02], device='cuda:0')), ('classifier.4.weight', tensor([[-0.0000e+00, -2.5297e-40, -2.0986e-40,  ...,  4.8717e-40,
          1.2456e-40,  3.0923e-01],
        [ 1.0629e-40,  5.9317e-01,  1.6138e-40,  ..., -2.1994e-40,
          1.9110e-40, -0.0000e+00],
        [-3.8547e-40, -0.0000e+00,  1.4822e-40,  ...,  1.6413e-01,
          2.5890e-02, -0.0000e+00],
        ...,
        [ 2.3283e-40, -0.0000e+00,  7.7382e-01,  ...,  2.4769e-41,
          1.5373e-01, -3.6490e-40],
        [ 3.9354e-01,  1.1945e-01,  1.2732e-40,  ..., -0.0000e+00,
          3.1330e-40,  2.4713e-41],
        [-0.0000e+00,  9.3095e-41, -4.1221e-40,  ..., -9.1365e-41,
          5.7353e-01, -1.3536e-40]], device='cuda:0')), ('classifier.4.bias', tensor([-0.0095,  0.3041, -0.0400, -0.0371, -0.1080,  0.2222, -0.1871,  0.0996,
        -0.3124, -0.2248], device='cuda:0'))])
